GCF_000007065.1.fasta	4096345	0.414849	0.929500
GCF_000007185.1.fasta	1694969	0.611592	0.946500
GCF_000007225.1.fasta	2222430	0.513625	0.953000
GCF_000007345.1.fasta	5751492	0.426809	0.910000
GCF_000008265.1.fasta	1545895	0.359704	0.929500
GCF_000008645.1.fasta	1751377	0.495439	0.948000
GCF_000009185.1.fasta	3179361	0.478611	0.953500
GCF_000009965.1.fasta	2088737	0.519955	0.958500
GCF_000011005.1.fasta	2957635	0.549169	0.939000
GCF_000011085.1.fasta	4274642	0.611188	0.938500
GCF_000011105.1.fasta	1738505	0.418790	0.956000
GCF_000011125.1.fasta	1669696	0.563113	0.952500
GCF_000011185.1.fasta	1584804	0.399185	0.962000
GCF_000011205.1.fasta	2694756	0.327867	0.914500
GCF_000013445.1.fasta	3544738	0.451490	0.927000
GCF_000013725.1.fasta	2575032	0.407581	0.920000
GCF_000015145.1.fasta	1667163	0.537367	0.967000
GCF_000015205.1.fasta	1826402	0.495990	0.944500
GCF_000015225.1.fasta	1813393	0.576461	0.947000
GCF_000015765.1.fasta	1804962	0.500066	0.952500
GCF_000015805.1.fasta	2009313	0.571508	0.950000
GCF_000015825.1.fasta	2478101	0.620630	0.924000
GCF_000015945.1.fasta	1570485	0.357265	0.940000
GCF_000016385.1.fasta	2121076	0.550509	0.962500
GCF_000016525.1.fasta	1853160	0.310342	0.899500
GCF_000017165.1.fasta	1720048	0.313283	0.896500
GCF_000017185.1.fasta	1569500	0.300375	0.889500
GCF_000017625.1.fasta	2542943	0.545136	0.960500
GCF_000017945.1.fasta	1297538	0.565203	0.948000
GCF_000018305.1.fasta	2077567	0.430958	0.936000
GCF_000018365.1.fasta	1847607	0.512727	0.968000
GCF_000018465.1.fasta	1645259	0.341675	0.920500
GCF_000019605.1.fasta	1590757	0.490007	0.954000
GCF_000019805.1.fasta	1769823	0.599106	0.938500
GCF_000021965.1.fasta	2922917	0.553537	0.941500
GCF_000022205.1.fasta	3692576	0.639720	0.887000
GCF_000022365.1.fasta	2045438	0.535615	0.960500
GCF_000022545.1.fasta	1845800	0.402013	0.958000
GCF_000023945.1.fasta	3116795	0.629000	0.927000
GCF_000023965.1.fasta	3332349	0.655307	0.895500
GCF_000023985.1.fasta	1507251	0.322184	0.904000
GCF_000024185.1.fasta	2937203	0.326410	0.907000
GCF_000024625.1.fasta	1761737	0.315758	0.900000
GCF_000025285.1.fasta	1563423	0.420046	0.959500
GCF_000025325.1.fasta	5440782	0.642643	0.904000
GCF_000025505.1.fasta	2196266	0.441354	0.946000
GCF_000025625.1.fasta	4443643	0.610502	0.927000
GCF_000025685.1.fasta	4012900	0.654799	0.875500
GCF_000025865.1.fasta	2012424	0.426182	0.954500
GCF_000026045.1.fasta	2749696	0.631197	0.916500
GCF_000063445.1.fasta	3179916	0.546030	0.942500
GCF_000091665.1.fasta	1739927	0.312940	0.896000
GCF_000092185.1.fasta	1316595	0.467343	0.971500
GCF_000092305.1.fasta	1328194	0.336185	0.884000
GCF_000092465.1.fasta	1580347	0.368383	0.944500
GCF_000144915.1.fasta	1496453	0.572174	0.947500
GCF_000145295.1.fasta	1639135	0.486407	0.952500
GCF_000147875.1.fasta	2843290	0.473992	0.954000
GCF_000148385.1.fasta	2374137	0.454277	0.957500
GCF_000151105.2.fasta	2064237	0.416667	0.957000
GCF_000152265.2.fasta	1935211	0.364662	0.924000
GCF_000166095.1.fasta	1243342	0.316370	0.908500
GCF_000172995.2.fasta	3944467	0.599406	0.937000
GCF_000179575.2.fasta	1677455	0.292768	0.880000
GCF_000186365.1.fasta	1314639	0.531417	0.955000
GCF_000190315.1.fasta	2298983	0.423870	0.956500
GCF_000191585.1.fasta	2583753	0.358287	0.940000
GCF_000193375.1.fasta	1936063	0.596551	0.940000
GCF_000194625.1.fasta	1901943	0.470490	0.957000
GCF_000195915.1.fasta	1564906	0.459944	0.970000
GCF_000195935.2.fasta	1768562	0.447114	0.963000
GCF_000196655.1.fasta	2406232	0.364250	0.910500
GCF_000196895.1.fasta	3698650	0.625208	0.910000
GCF_000204925.1.fasta	1840348	0.419946	0.967500
GCF_000213215.1.fasta	2137654	0.341481	0.933000
GCF_000214415.1.fasta	1854197	0.322999	0.877000
GCF_000214725.1.fasta	2546541	0.357318	0.931500
GCF_000215995.1.fasta	1716818	0.516375	0.960500
GCF_000217715.1.fasta	4355268	0.651836	0.898500
GCF_000217995.1.fasta	2138444	0.391560	0.939000
GCF_000223395.1.fasta	1843267	0.549041	0.964500
GCF_000223905.1.fasta	3890005	0.624546	0.929500
GCF_000226975.2.fasta	4381543	0.652681	0.890500
GCF_000230715.2.fasta	3788356	0.622355	0.895500
GCF_000230735.2.fasta	4354100	0.639911	0.889500
GCF_000231015.2.fasta	1384116	0.448288	0.964500
GCF_000234805.1.fasta	2467972	0.569668	0.946500
GCF_000235565.1.fasta	2571034	0.605964	0.910500
GCF_000246985.2.fasta	2215172	0.430883	0.952500
GCF_000251105.1.fasta	2378438	0.527402	0.953500
GCF_000253055.1.fasta	1841542	0.551283	0.957500
GCF_000258425.1.fasta	1319206	0.374742	0.946500
GCF_000264495.1.fasta	1356318	0.556412	0.962000
GCF_000265525.1.fasta	1950313	0.558175	0.952500
GCF_000299365.1.fasta	1639964	0.341832	0.928500
GCF_000299395.1.fasta	1690905	0.335887	0.927000
GCF_000300255.2.fasta	1666795	0.555948	0.947000
GCF_000303155.1.fasta	2833868	0.483472	0.955000
GCF_000304355.2.fasta	2789774	0.606400	0.926000
GCF_000317795.1.fasta	1546846	0.300340	0.906500
GCF_000327485.1.fasta	2820858	0.551959	0.956500
GCF_000328525.1.fasta	3223876	0.643360	0.914500
GCF_000328665.1.fasta	2714013	0.418670	0.953000
GCF_000328685.1.fasta	4314118	0.646636	0.898000
GCF_000385565.1.fasta	2076931	0.432390	0.955000
GCF_000470655.1.fasta	3146160	0.627428	0.910000
GCF_000517445.1.fasta	1957742	0.402965	0.952000
GCF_000517625.1.fasta	4131176	0.608978	0.917500
GCF_000585495.1.fasta	1976356	0.548417	0.947500
GCF_000591035.1.fasta	1595994	0.567320	0.952000
GCF_000591055.1.fasta	2912573	0.645258	0.895500
GCF_000698785.1.fasta	2527938	0.527155	0.961500
GCF_000725425.1.fasta	1859370	0.430443	0.959000
GCF_000730285.1.fasta	2954373	0.501405	0.964000
GCF_000734035.1.fasta	2316287	0.480765	0.951500
GCF_000739065.1.fasta	1607556	0.307881	0.892500
GCF_000769655.1.fasta	2126164	0.534541	0.955000
GCF_000800805.1.fasta	1488669	0.492057	0.956500
GCF_000812185.1.fasta	1232128	0.331578	0.923000
GCF_000813245.1.fasta	1754190	0.464039	0.972000
GCF_000816105.1.fasta	1920914	0.528623	0.962000
GCF_000875775.1.fasta	1713078	0.338204	0.926500
GCF_000955905.1.fasta	1620156	0.409969	0.949500
GCF_000956175.1.fasta	1803090	0.334069	0.922500
GCF_000969885.1.fasta	3127379	0.411500	0.945000
GCF_000969905.1.fasta	4563885	0.397128	0.923500
GCF_000970065.1.fasta	4487566	0.392227	0.930000
GCF_000970085.1.fasta	5017558	0.429404	0.932000
GCF_000970265.1.fasta	4139808	0.418228	0.886500
GCF_000970285.1.fasta	5018607	0.413110	0.942500
GCF_000993805.1.fasta	1611988	0.479401	0.971500
GCF_001006045.1.fasta	1770093	0.531086	0.951000
GCF_001190965.1.fasta	3918454	0.662040	0.886500
GCF_001304615.2.fasta	3283688	0.413056	0.945000
GCF_001305655.1.fasta	2253500	0.627608	0.928000
GCF_001412615.1.fasta	2023836	0.539140	0.965000
GCF_001458655.1.fasta	2494510	0.411437	0.940500
GCF_001481685.1.fasta	1394664	0.449004	0.966500
GCF_001488575.1.fasta	3130345	0.665742	0.887000
GCF_001563245.1.fasta	2201192	0.269318	0.868000
GCF_001577775.1.fasta	1977126	0.446221	0.963500
GCF_001592435.1.fasta	1896106	0.517359	0.964500
GCF_001647085.1.fasta	1928800	0.511070	0.967000
GCF_001886955.1.fasta	2085946	0.636212	0.930500
GCF_001889405.1.fasta	2022959	0.424004	0.960000
GCF_001971705.1.fasta	3835796	0.613526	0.921500
GCF_002078355.1.fasta	1826943	0.364925	0.926500
GCF_002116695.1.fasta	2687463	0.306201	0.911500
GCF_002156705.1.fasta	3930546	0.641083	0.899000
GCF_002156965.1.fasta	1360076	0.314373	0.909500
GCF_002214365.1.fasta	1866819	0.564475	0.941500
GCF_002214385.1.fasta	1674122	0.516668	0.966000
GCF_002214465.1.fasta	1922421	0.546923	0.958500
GCF_002214485.1.fasta	1785673	0.542408	0.960500
GCF_002214505.1.fasta	2029167	0.549939	0.956500
GCF_002214565.1.fasta	1868990	0.555977	0.955500
GCF_002214585.1.fasta	2043143	0.530863	0.962000
GCF_002215565.1.fasta	2225849	0.367081	0.954000
GCF_002355635.1.fasta	3105937	0.659670	0.891500
GCF_002787055.1.fasta	1697207	0.421842	0.958500
GCF_002813695.1.fasta	2515817	0.394044	0.935500
GCF_002844335.1.fasta	3721706	0.625049	0.935000
GCF_002906215.1.fasta	1617394	0.415387	0.916500
GCF_002906575.1.fasta	4973118	0.656729	0.900000
GCF_002945325.1.fasta	1714918	0.329185	0.916500
GCF_002952775.1.fasta	3313120	0.631135	0.915500
GCF_003201675.2.fasta	2544115	0.437331	0.917500
GCF_003201765.2.fasta	2265309	0.310641	0.921000
GCF_003201835.2.fasta	2947244	0.319026	0.887500
GCF_003342695.1.fasta	3529327	0.665164	0.893000
GCF_003430825.1.fasta	3789323	0.623640	0.913000
GCF_003852155.1.fasta	2658139	0.358242	0.873500
GCF_003856835.1.fasta	3503092	0.656794	0.902000
GCF_004126515.1.fasta	3726301	0.664404	0.874000
GCF_004799605.1.fasta	2429680	0.662754	0.883500
GCF_004799645.1.fasta	4382412	0.606138	0.881500
GCF_005222525.1.fasta	2202576	0.461988	0.970000
GCF_005406325.1.fasta	3907473	0.602593	0.933000
GCF_005890195.1.fasta	3778093	0.643385	0.909500
GCF_006274605.1.fasta	2234010	0.548648	0.954000
GCF_008245085.1.fasta	1889914	0.407516	0.946500
GCF_008326385.1.fasta	2535282	0.424331	0.952000
GCF_009392895.1.fasta	4348483	0.613352	0.919000
GCF_009729015.1.fasta	2252027	0.342329	0.927500
GCF_009729035.1.fasta	1987069	0.376134	0.958500
GCF_009729055.1.fasta	2803915	0.327451	0.902500
GCF_009762275.1.fasta	3560302	0.666378	0.886500
GCF_010692905.1.fasta	3706983	0.660844	0.890000
GCF_013340765.1.fasta	1593902	0.620687	0.930500
GCF_013343295.1.fasta	2176897	0.447997	0.966000
GCF_013388255.1.fasta	2704953	0.440624	0.962000
GCF_013391085.1.fasta	3211682	0.643576	0.898500
GCF_013391105.1.fasta	3746575	0.674515	0.884500
GCF_013401515.1.fasta	4277959	0.671973	0.895000
GCF_013402875.1.fasta	4258755	0.686523	0.883500
GCF_013407145.1.fasta	1563356	0.330133	0.918500
GCF_013407165.1.fasta	1585110	0.330535	0.911500
GCF_013407185.1.fasta	2171418	0.334467	0.923000
GCF_013415885.1.fasta	4480147	0.677614	0.881500
GCF_013415905.1.fasta	5199031	0.670550	0.880500
GCF_014876775.1.fasta	1625846	0.538613	0.968000
GCF_016065055.1.fasta	4158049	0.684637	0.881000
GCF_016906025.1.fasta	5087240	0.640935	0.907000
GCF_017352095.1.fasta	3588874	0.644478	0.904000
GCF_018200015.1.fasta	4537128	0.606155	0.928500
GCF_019175345.1.fasta	2916875	0.353624	0.920500
GCF_019669925.1.fasta	2393271	0.256309	0.867000
GCF_019669965.1.fasta	2622259	0.618601	0.929000
GCF_900012635.1.fasta	1969648	0.449205	0.963000
GCF_900090055.1.fasta	1878916	0.371606	0.947500
GCF_900095295.1.fasta	2469575	0.384898	0.935000
GCF_900198835.1.fasta	2155760	0.545767	0.950500
GCF_900248165.1.fasta	1577284	0.416200	0.916500
GCF_902383905.1.fasta	1931651	0.412554	0.955500
GCF_902384015.1.fasta	1767403	0.276337	0.871000
GCF_904067545.1.fasta	2022529	0.546297	0.960500
